Sobol 16 samples
  Discrepancy: 0.125000
  Wrap: 0.125000

